tensor([[0.5337, 0.5658],
        [0.5326, 0.5636],
        [0.5315, 0.5613],
        [0.5305, 0.5589],
        [0.5295, 0.5565],
        [0.5285, 0.5540],
        [0.5276, 0.5514],
        [0.5266, 0.5488],
        [0.5257, 0.5461],
        [0.5249, 0.5433],
        [0.5241, 0.5405],
        [0.5233, 0.5376],
        [0.5225, 0.5347],
        [0.5218, 0.5317],
        [0.5212, 0.5286],
        [0.5206, 0.5255],
        [0.5201, 0.5224],
        [0.5196, 0.5193],
        [0.5193, 0.5161],
        [0.5190, 0.5128],
        [0.5188, 0.5095],
        [0.5187, 0.5062],
        [0.5188, 0.5028],
        [0.5188, 0.4994],
        [0.5189, 0.4959],
        [0.5192, 0.4924],
        [0.5195, 0.4889],
        [0.5198, 0.4853],
        [0.5203, 0.4818],
        [0.5208, 0.4782],
        [0.5214, 0.4746],
        [0.5221, 0.4709],
        [0.5228, 0.4672],
        [0.5236, 0.4635],
        [0.5246, 0.4598],
        [0.5256, 0.4560],
        [0.5266, 0.4522],
        [0.5278, 0.4484],
        [0.5290, 0.4445],
        [0.5302, 0.4407],
        [0.5316, 0.4369],
        [0.5330, 0.4331],
        [0.5346, 0.4293],
        [0.5362, 0.4255],
        [0.5378, 0.4218],
        [0.5395, 0.4181],
        [0.5413, 0.4145],
        [0.5431, 0.4108],
        [0.5450, 0.4072],
        [0.5469, 0.4036],
        [0.5489, 0.4001],
        [0.5509, 0.3965],
        [0.5530, 0.3930],
        [0.5551, 0.3896],
        [0.5573, 0.3861],
        [0.5595, 0.3827],
        [0.5618, 0.3792],
        [0.5641, 0.3758],
        [0.5665, 0.3724],
        [0.5689, 0.3690],
        [0.5713, 0.3656],
        [0.5738, 0.3622],
        [0.5764, 0.3587],
        [0.5790, 0.3553],
        [0.5816, 0.3518],
        [0.5843, 0.3483],
        [0.5871, 0.3448],
        [0.5900, 0.3413],
        [0.5929, 0.3378],
        [0.5958, 0.3342],
        [0.5988, 0.3307],
        [0.6018, 0.3271],
        [0.6050, 0.3235],
        [0.6081, 0.3198],
        [0.6113, 0.3162],
        [0.6146, 0.3125],
        [0.6179, 0.3088],
        [0.6213, 0.3051],
        [0.6247, 0.3014],
        [0.6282, 0.2977],
        [0.6317, 0.2940],
        [0.6353, 0.2903],
        [0.6389, 0.2865],
        [0.6426, 0.2827],
        [0.6464, 0.2789],
        [0.6501, 0.2751],
        [0.6539, 0.2712],
        [0.6578, 0.2673],
        [0.6617, 0.2634],
        [0.6656, 0.2595],
        [0.6695, 0.2555],
        [0.6734, 0.2515],
        [0.6774, 0.2475],
        [0.6814, 0.2434],
        [0.6855, 0.2394],
        [0.6896, 0.2353],
        [0.6937, 0.2311],
        [0.6979, 0.2270],
        [0.7021, 0.2228],
        [0.7063, 0.2186]], device='cuda:0')
tensor([[ 2.7967e-01,  3.9478e-01],
        [ 2.8040e-01,  3.9572e-01],
        [ 2.8142e-01,  3.9986e-01],
        [ 2.7743e-01,  3.9152e-01],
        [ 2.7890e-01,  3.9281e-01],
        [ 2.7491e-01,  3.8338e-01],
        [ 2.6905e-01,  3.6448e-01],
        [ 2.7189e-01,  3.7054e-01],
        [ 2.7269e-01,  3.6667e-01],
        [ 2.6855e-01,  3.5562e-01],
        [ 2.6964e-01,  3.5457e-01],
        [ 2.6921e-01,  3.5003e-01],
        [ 2.6667e-01,  3.3927e-01],
        [ 2.6499e-01,  3.3165e-01],
        [ 2.6488e-01,  3.1784e-01],
        [ 2.5984e-01,  3.1236e-01],
        [ 2.6370e-01,  3.0968e-01],
        [ 2.6006e-01,  2.9879e-01],
        [ 2.5634e-01,  2.8979e-01],
        [ 2.5256e-01,  2.8456e-01],
        [ 2.5843e-01,  2.7412e-01],
        [ 2.5547e-01,  2.6275e-01],
        [ 2.6707e-01,  2.6294e-01],
        [ 2.5183e-01,  2.4823e-01],
        [ 2.5816e-01,  2.3987e-01],
        [ 2.6357e-01,  2.3358e-01],
        [ 2.7369e-01,  2.2858e-01],
        [ 2.5780e-01,  2.1065e-01],
        [ 2.6082e-01,  2.0546e-01],
        [ 2.6421e-01,  2.0075e-01],
        [ 2.6110e-01,  1.8817e-01],
        [ 2.6737e-01,  1.8166e-01],
        [ 2.6358e-01,  1.7370e-01],
        [ 2.7164e-01,  1.6850e-01],
        [ 2.6966e-01,  1.4953e-01],
        [ 2.6959e-01,  1.4171e-01],
        [ 2.9065e-01,  1.5044e-01],
        [ 2.8039e-01,  1.4245e-01],
        [ 2.8064e-01,  1.2250e-01],
        [ 2.8502e-01,  1.2003e-01],
        [ 2.8844e-01,  9.5836e-02],
        [ 3.0599e-01,  1.0149e-01],
        [ 2.9657e-01,  8.9242e-02],
        [ 3.0040e-01,  8.3116e-02],
        [ 3.0922e-01,  7.3898e-02],
        [ 3.1021e-01,  7.2135e-02],
        [ 3.1797e-01,  4.7111e-02],
        [ 3.1652e-01,  5.2952e-02],
        [ 3.3002e-01,  4.6278e-02],
        [ 3.2285e-01,  4.2030e-02],
        [ 3.4383e-01,  2.6403e-02],
        [ 3.4113e-01,  2.8247e-02],
        [ 3.4606e-01,  4.0722e-04],
        [ 3.5569e-01, -7.8217e-03],
        [ 3.4442e-01, -7.8627e-03],
        [ 3.9019e-01, -2.2311e-02],
        [ 3.7379e-01, -2.2593e-02],
        [ 3.8318e-01, -3.2645e-02],
        [ 3.7875e-01, -5.5855e-02],
        [ 3.8884e-01, -4.9114e-02],
        [ 3.7942e-01, -5.1684e-02],
        [ 3.9032e-01, -6.6968e-02],
        [ 3.9711e-01, -5.4956e-02],
        [ 4.0411e-01, -6.6710e-02],
        [ 4.0895e-01, -9.4912e-02],
        [ 4.1204e-01, -6.9275e-02],
        [ 4.6647e-01, -1.3817e-01],
        [ 4.3384e-01, -1.1095e-01],
        [ 4.5509e-01, -1.4081e-01],
        [ 4.5522e-01, -1.5474e-01],
        [ 4.5732e-01, -1.4607e-01],
        [ 4.8876e-01, -1.9504e-01],
        [ 4.5485e-01, -1.4339e-01],
        [ 5.0056e-01, -1.9102e-01],
        [ 4.8839e-01, -1.8553e-01],
        [ 4.6457e-01, -1.5977e-01],
        [ 5.4973e-01, -2.5246e-01],
        [ 5.6000e-01, -2.6195e-01],
        [ 5.0112e-01, -1.8897e-01],
        [ 5.2269e-01, -2.0264e-01],
        [ 5.5045e-01, -2.4579e-01],
        [ 6.0644e-01, -3.0293e-01],
        [ 5.2160e-01, -2.1423e-01],
        [ 5.2558e-01, -1.9972e-01],
        [ 5.8818e-01, -2.9395e-01],
        [ 5.4416e-01, -2.4624e-01],
        [ 5.8005e-01, -2.6891e-01],
        [ 6.2151e-01, -3.3110e-01],
        [ 6.2886e-01, -3.3375e-01],
        [ 6.5781e-01, -3.5140e-01],
        [ 6.1812e-01, -2.9699e-01],
        [ 6.2138e-01, -3.2696e-01],
        [ 6.3191e-01, -3.2619e-01],
        [ 6.6003e-01, -3.4008e-01],
        [ 7.3242e-01, -4.2532e-01],
        [ 6.1436e-01, -3.1660e-01],
        [ 6.9755e-01, -4.0264e-01],
        [ 6.4621e-01, -3.0965e-01],
        [ 7.2512e-01, -4.2315e-01],
        [ 7.7370e-01, -4.7764e-01]], device='cuda:0',
       grad_fn=<SelectBackward0>)